start=0.966667
volume=80.000000
