start=399.608000
volume=110.000000
