start=1254.503000
volume=65.000000
